deltaAUC	iteration
46744.1427891349	1
-6948.05430337787	2
31805.5361851259	3
40743.6435713017	4
-34247.9764082191	5
29101.8979972546	6
18192.0493475397	7
2139.50743418903	8
-16573.4077768906	9
41545.730085379	10
-7500.2521095213	11
47773.6606651391	12
-24364.7028039001	13
13580.3910980856	14
18120.1765129776	15
23793.538900107	16
18328.156370982	17
-54589.494754368	18
-49665.5240244779	19
2139.50743418903	20
36450.0749034444	21
62.0427776076249	22
2331.48002957337	23
17626.4983557918	24
2961.52243145643	25
8735.20986278972	26
-36560.0703686689	27
-45131.4370720484	28
28717.926186081	29
-7762.06260335352	30
36330.2478817543	31
-5745.91693687387	32
14196.3903372005	33
-43117.2239609465	34
-46744.1427891349	35
53827.892461756	36
-43117.2239609465	37
8524.58081042842	38
33229.0166952448	39
29346.4956949201	40
-2139.50743418903	41
-24566.4690789798	42
-32375.3417568692	43
-9401.31088389165	44
-39378.3815793728	45
-41128.5459827951	46
26755.4175364684	47
-15632.2047178452	48
-27354.9024294813	49
-30453.9414200134	50
-26558.0141390478	51
-39112.3183905287	52
1425.52225743281	53
-52100.0063824079	54
-51458.1128804267	55
39233.0225856627	56
8821.46795319737	57
-46630.9406421191	58
-13626.2173996526	59
2925.80595912144	60
-43753.4316003975	61
-41372.5420991901	62
-12189.5160968367	63
9401.31088389165	64
-41128.5459827951	65
-24364.7028039001	66
15272.6600900453	67
39443.9020687036	68
-13506.5128107918	69
-32687.9487732525	70
32687.9487732525	71
-27926.4051485386	72
-84058.54496808	73
-22206.6393593799	74
-8820.79918854736	75
69914.4294290764	76
-18541.5919035836	77
26047.6648129946	78
43932.7539414647	79
42605.3107753841	80
42559.184947337	81
60765.9361876402	82
-84740.1688601415	83
-46630.9406421191	84
48851.5681647406	85
18629.0370105543	86
-26755.4175364684	87
-53710.1869248048	88
-13465.1694485024	89
-58320.1319602069	90
-13551.8668729542	91
56534.0972837603	92
3066.1668272448	93
3431.8438010118	94
51351.9782457544	95
-17758.6094991998	96
-49858.3924285347	97
-34392.5337257592	98
-46521.2754519314	99
-28163.7950375766	100
45853.4916289115	101
6165.06000881304	102
-2961.52243145643	103
38286.2462939829	104
-82041.5401953432	105
-6366.54544320301	106
68066.9788927256	107
65512.0654345783	108
-65294.0405943815	109
-8524.58081042842	110
43932.7539414647	111
11818.1805347643	112
-11869.5781277376	113
-14463.2283022383	114
-33568.8403176316	115
15235.5993107555	116
-27339.1415868165	117
-45895.8052026707	118
-36894.4017232708	119
-4824.74850741029	120
-10458.9974489862	121
26526.9182668403	122
27354.9024294813	123
-16393.3438423548	124
-8556.86448935443	125
20466.6351888143	126
2311.41506947041	127
2500.56200661988	128
16971.3141923774	129
-10458.9974489862	130
53710.1869248048	131
4871.99846357113	132
15272.6600900453	133
27638.5072731742	134
51017.4321867255	135
65512.0654345783	136
43818.5854687875	137
-7229.67417892971	138
74210.0354935901	139
-5600.84440551384	140
9284.96765535593	141
-13626.2173996526	142
31113.3550706072	143
43117.2239609465	144
-16397.2541870853	145
-30141.9285681922	146
11869.5781277376	147
-63389.886272765	148
-1478.41146239202	149
23956.3617674089	150
-49665.5240244779	151
20423.5704950485	152
39060.8288859616	153
-15272.6600900453	154
-2454.72910300252	155
-34247.9764082191	156
-9084.54876550345	157
-71779.8201575208	158
3211.24589567003	159
-24958.3316384593	160
-29309.1219228181	161
-42605.3107753841	162
-40722.5206276142	163
46518.9926822496	164
24691.6372062693	165
63621.2408629963	166
2111.86165570747	167
-4091.09411325754	168
-28163.7950375766	169
40722.5206276142	170
-32063.7543808575	171
22799.9680893605	172
81556.5405429761	173
9284.96765535593	174
-8544.91308076016	175
-24441.823579879	176
49936.2797351422	177
-46630.9406421191	178
5654.86031644628	179
55525.7220611647	180
28717.926186081	181
-39480.1324673727	182
-34247.9764082191	183
36271.045744451	184
9284.96765535593	185
56534.0972837603	186
13626.2173996526	187
23603.6571629747	188
63621.2408629963	189
-51486.0961795928	190
2311.41506947041	191
-33352.0294814917	192
22895.9047234947	193
18248.9999689274	194
32375.3417568692	195
-2311.41506947041	196
43117.2239609465	197
22359.5602716212	198
-33568.8403176316	199
-12829.8305911649	200
27251.9418089374	201
71779.8201575208	202
61436.3834478553	203
31306.8504927989	204
27913.9985456756	205
-33352.0294814917	206
-24861.9354661679	207
-29101.8979972546	208
-24691.6372062693	209
18248.9999689274	210
31604.5149825829	211
-34442.0289386691	212
7229.67417892971	213
49665.5240244779	214
16815.7687388993	215
-49160.5355756661	216
41417.30001684	217
15186.2835718364	218
6366.54544320301	219
-56534.0972837603	220
37241.5498040303	221
34392.5337257592	222
4545.56271225342	223
56046.4771843123	224
-1885.06478533254	225
-49936.2797351422	226
-26182.1508835624	227
-62022.9973945185	228
16971.3141923774	229
-58214.5990136904	230
61657.1248620062	231
-44087.0504382302	232
33568.8403176316	233
7840.12267417519	234
8832.51273913938	235
-2111.86165570747	236
15186.2835718364	237
2961.52243145643	238
29985.4123298717	239
15272.6600900453	240
-62022.9973945185	241
46521.2754519314	242
33478.6926882281	243
31884.3907631582	244
8989.60274387139	245
33568.8403176316	246
39060.8288859616	247
-28511.0530439127	248
-43671.8048114351	249
-53827.892461756	250
-37944.562982303	251
2500.56200661988	252
-11680.4216308146	253
14043.5837346921	254
45977.1996423514	255
11222.8447528539	256
57275.8649515887	257
36271.045744451	258
16419.9393501075	259
20989.5060956854	260
21979.4943487831	261
-43753.4316003975	262
-44702.930021919	263
-22096.6354359298	264
26562.0141387481	265
27638.5072731742	266
21428.4959745227	267
43671.8048114351	268
58563.1161440187	269
-38739.9674028362	270
21803.5148758281	271
84740.1688601415	272
-33140.4718849956	273
-24958.3316384593	274
-40722.5206276142	275
63464.7158827581	276
4091.09411325754	277
13626.2173996526	278
28838.8715823262	279
9618.32437622227	280
-15632.2047178452	281
-21171.2297230483	282
-32204.3613521776	283
23742.52179219	284
16436.2189420647	285
-63621.2408629963	286
35480.464468456	287
-15976.3918057563	288
-29101.8979972546	289
-10553.1087426515	290
-55525.7220611647	291
-19363.0463949422	292
-51486.0961795928	293
18541.5919035836	294
-28646.7310335947	295
36271.045744451	296
27339.1415868165	297
-39060.8288859616	298
38848.7875263669	299
51486.0961795928	300
-36330.2478817543	301
-35460.2900319012	302
12341.3790784384	303
29693.4222195419	304
-43932.7539414647	305
-39233.0225856627	306
-10399.1169127448	307
-45131.4370720484	308
-2711.46018767438	309
-22799.9680893605	310
30453.9414200134	311
-15235.5993107555	312
52100.0063824079	313
42559.184947337	314
-4819.7273825148	315
-45131.4370720484	316
-12518.9907738242	317
-2925.80595912144	318
4545.56271225342	319
-21681.2597032894	320
61285.9359984791	321
34349.0644442714	322
-52100.0063824079	323
29346.4956949201	324
-66017.9786297097	325
-58214.5990136904	326
-31008.8135638979	327
36271.045744451	328
13626.2173996526	329
67130.5474177295	330
28838.8715823262	331
14043.5837346921	332
-42566.8576112109	333
43003.604203285	334
6366.54544320301	335
40264.5603059796	336
-24863.5652156025	337
-23793.538900107	338
22799.9680893605	339
49160.5355756661	340
-16849.4865698532	341
-19838.2441486988	342
40743.6435713017	343
-39480.1324673727	344
7229.67417892971	345
9420.01814738062	346
71779.8201575208	347
19712.4324535972	348
29346.4956949201	349
33478.6926882281	350
-4871.99846357113	351
32204.3613521776	352
-10014.0087197907	353
2096.67570884409	354
-40722.5206276142	355
14693.5498000503	356
-51351.9782457544	357
30124.8183969583	358
23742.52179219	359
-35460.2900319012	360
-20918.6980739824	361
-63154.4738857062	362
5009.46850325022	363
34465.4021406457	364
-56491.8857611782	365
30141.9285681922	366
25210.9571181481	367
46521.2754519314	368
39378.3815793728	369
18200.9187498606	370
31120.5412834369	371
719.091325679037	372
-19712.4324535972	373
45895.8052026707	374
-16436.2189420647	375
49858.3924285347	376
-61436.3834478553	377
43631.0523701211	378
20918.6980739824	379
-28838.8715823262	380
-36837.5445625724	381
23338.8806458138	382
-2139.50743418903	383
2111.86165570747	384
-37580.6308012936	385
-39060.8288859616	386
6241.6583479626	387
-23742.52179219	388
-39480.1324673727	389
3431.12596817227	390
-4951.99569438992	391
16304.8608589062	392
-79504.0336042439	393
42559.184947337	394
-49665.5240244779	395
13259.9785434111	396
-25100.9214335766	397
-55133.9240973002	398
-3816.32070843858	399
6362.82408673863	400
59402.5907583736	401
-27354.9024294813	402
38590.6684187157	403
-4871.99846357113	404
24364.7028039001	405
79504.0336042439	406
-21803.5148758281	407
-15988.1267601951	408
36450.0749034444	409
-8266.89796729729	410
-16304.8608589062	411
-3431.12596817227	412
-70791.5912348307	413
48292.0359497582	414
6355.32535296155	415
-39112.3183905287	416
7613.71824199869	417
-23447.4464332914	418
-2500.56200661988	419
-73699.674818374	420
-20466.6351888143	421
-65294.0405943815	422
7762.06260335352	423
4431.8968881254	424
13551.8668729542	425
-2111.86165570747	426
-21428.4959745227	427
9077.89964200382	428
-31884.3907631582	429
3816.32070843858	430
7229.67417892971	431
34442.0289386691	432
23040.9762564412	433
23956.3617674089	434
-17327.3376719858	435
-63154.4738857062	436
63464.7158827581	437
48292.0359497582	438
16419.9393501075	439
77173.9771113215	440
-1067.5582343	441
-37662.2918149121	442
56046.4771843123	443
-40722.5206276142	444
15272.6600900453	445
-44702.930021919	446
-5009.46850325022	447
-21826.2341735729	448
33367.6611906924	449
55133.9240973002	450
-39443.9020687036	451
-21057.264873366	452
-43671.8048114351	453
-38590.6684187157	454
-8461.25092959782	455
71544.6360409632	456
19363.0463949422	457
-13259.9785434111	458
-23603.6571629747	459
13259.9785434111	460
-33140.4718849956	461
-16419.9393501075	462
66017.9786297097	463
-10188.1675443063	464
-36330.2478817543	465
18248.9999689274	466
-18826.3265225895	467
10399.1169127448	468
-23603.6571629747	469
-23447.4464332914	470
13357.0594384318	471
3316.11292057234	472
43117.2239609465	473
-18200.9187498606	474
-29693.4222195419	475
6743.90690945688	476
-10188.1675443063	477
-13983.9238438602	478
-32687.9487732525	479
-23742.52179219	480
35480.464468456	481
74210.0354935901	482
-1422.55068575731	483
13626.2173996526	484
-15632.2047178452	485
-33967.1278693697	486
-23497.5883026801	487
-17889.0572054168	488
-6366.54544320301	489
9420.01814738062	490
-2567.45247242611	491
68216.0615435529	492
-39480.1324673727	493
-31884.3907631582	494
74210.0354935901	495
-23338.8806458138	496
40996.5832917304	497
16213.8589311449	498
16419.9393501075	499
-17005.4503257999	500
84740.1688601415	501
-5528.12951804517	502
17889.0572054168	503
9618.32437622227	504
17084.6617480118	505
-44087.0504382302	506
44702.930021919	507
-51351.9782457544	508
-32204.3613521776	509
54449.3019912599	510
-15272.6600900453	511
31604.5149825829	512
20104.5485249725	513
-46744.1427891349	514
28163.7950375766	515
39480.1324673727	516
47081.1708082542	517
-2589.91802034434	518
-31852.0960959115	519
61224.2975509663	520
5600.84440551384	521
-22096.6354359298	522
-52928.9928998149	523
14693.5498000503	524
33352.0294814917	525
45853.4916289115	526
-15235.5993107555	527
-16282.3931258023	528
42559.184947337	529
36330.2478817543	530
61436.3834478553	531
-31884.3907631582	532
-70843.9788963133	533
24691.6372062693	534
37813.0293287849	535
16971.3141923774	536
-26576.5737332608	537
1327.65182326373	538
21025.7059338958	539
-317.994184088719	540
-84740.1688601415	541
-39108.4978025508	542
-44183.7881041001	543
27926.4051485386	544
-29101.8979972546	545
-65294.0405943815	546
36894.4017232708	547
27339.1415868165	548
43631.0523701211	549
-29466.0296610013	550
8735.20986278972	551
68066.9788927256	552
-8266.89796729729	553
-29008.2432801726	554
19712.4324535972	555
23447.4464332914	556
-23581.9815851664	557
-29008.2432801726	558
2096.67570884409	559
25797.4195036232	560
1327.65182326373	561
17084.6617480118	562
23956.3617674089	563
-22413.9605846305	564
43753.4316003975	565
23581.9815851664	566
-59625.5214850042	567
-51486.0961795928	568
-13357.0594384318	569
33367.6611906924	570
37813.0293287849	571
48496.5844785952	572
62.0427776076249	573
-48496.5844785952	574
41128.5459827951	575
32063.7543808575	576
-54.5960943712853	577
7500.2521095213	578
27354.9024294813	579
13506.5128107918	580
-16849.4865698532	581
317.994184088719	582
-8989.60274387139	583
-17762.4460932288	584
-4033.84170047322	585
3431.12596817227	586
-17889.0572054168	587
-37046.7946804814	588
-23742.52179219	589
-21803.5148758281	590
23040.9762564412	591
-3211.24589567003	592
59625.5214850042	593
-28919.9791025497	594
-20423.5704950485	595
6366.54544320301	596
24958.3316384593	597
-77999.2457128953	598
10095.4480775478	599
6362.82408673863	600
-2711.46018767438	601
16393.3438423548	602
9788.06014961423	603
14500.9095000613	604
-1318.52477577946	605
4536.30129696068	606
64244.5696157907	607
-68066.9788927256	608
-183.676430801337	609
17762.4460932288	610
-24364.7028039001	611
31306.8504927989	612
3431.8438010118	613
43003.604203285	614
-35054.6643625385	615
51351.9782457544	616
-70860.3993598556	617
-17762.4460932288	618
51571.0891572082	619
-62022.9973945185	620
-18120.1765129776	621
-6948.05430337787	622
31108.5866130986	623
-25797.4195036232	624
48292.0359497582	625
4091.09411325754	626
2745.13854897651	627
1407.39403245278	628
-30288.5756982677	629
-8780.89648422197	630
-19627.9253362648	631
4819.7273825148	632
-5528.12951804517	633
25760.7908505027	634
56315.5625087406	635
-49705.3997616919	636
-30141.9285681922	637
71779.8201575208	638
-8524.58081042842	639
-35480.464468456	640
30453.9414200134	641
-32204.3613521776	642
46521.2754519314	643
27354.9024294813	644
-48598.9933285447	645
-48851.5681647406	646
-21057.264873366	647
-32687.9487732525	648
43003.604203285	649
46630.9406421191	650
-22413.9605846305	651
-56315.5625087406	652
34157.451848563	653
-21251.3384449997	654
-1903.5679627005	655
-45895.8052026707	656
7613.71824199869	657
2454.72910300252	658
60087.3191688446	659
-41545.730085379	660
48793.5792123103	661
-10499.037708564	662
-61747.5738384742	663
-49160.5355756661	664
-13357.0594384318	665
4091.09411325754	666
-26576.5737332608	667
25797.4195036232	668
9683.68253127742	669
74210.0354935901	670
54173.6382720042	671
35480.464468456	672
48851.5681647406	673
40996.5832917304	674
-65512.0654345783	675
27339.3868932877	676
-196.024347067578	677
-25760.7908505027	678
39048.42189481	679
-64704.9955598375	680
-46768.9616685448	681
-21025.7059338958	682
38739.9674028362	683
183.676430801337	684
-36894.4017232708	685
-69519.6945566986	686
-49936.2797351422	687
-2961.52243145643	688
4824.74850741029	689
31306.8504927989	690
-2454.72910300252	691
-3066.1668272448	692
30793.1027321459	693
31604.5149825829	694
36350.1630800666	695
39378.3815793728	696
-51458.1128804267	697
-25760.7908505027	698
-26576.5737332608	699
-43117.2239609465	700
-12341.3790784384	701
67772.3543172925	702
15632.2047178452	703
26755.4175364684	704
10399.1169127448	705
-16849.4865698532	706
-21771.6510038503	707
-55525.7220611647	708
15186.2835718364	709
-15632.2047178452	710
-76199.0985964739	711
30141.9285681922	712
47081.1708082542	713
46004.0559580125	714
56315.5625087406	715
12659.5214739473	716
14500.9095000613	717
-45977.1996423514	718
-15186.2835718364	719
-44702.930021919	720
77999.2457128953	721
30453.9414200134	722
-32204.3613521776	723
34442.0289386691	724
2500.56200661988	725
-29101.8979972546	726
-63621.2408629963	727
-4819.7273825148	728
-19838.2441486988	729
-12829.8305911649	730
8832.51273913938	731
63464.7158827581	732
-84058.54496808	733
3431.8438010118	734
16393.3438423548	735
8989.60274387139	736
15169.4884100386	737
84058.54496808	738
51017.4321867255	739
-33478.6926882281	740
-33478.6926882281	741
48496.5844785952	742
44183.7881041001	743
27630.7408434859	744
52785.580222082	745
-6355.32535296155	746
25760.7908505027	747
-33761.079220403	748
36330.2478817543	749
5600.84440551384	750
36450.0749034444	751
30793.1027321459	752
29466.0296610013	753
-23603.6571629747	754
31113.3550706072	755
11869.5781277376	756
10188.1675443063	757
6743.90690945688	758
-21816.9846641566	759
-19363.0463949422	760
69914.4294290764	761
-74929.050297451	762
-42057.6053209209	763
-49705.3997616919	764
3431.8438010118	765
30141.9285681922	766
-13357.0594384318	767
-56315.5625087406	768
-25616.4171160164	769
27926.4051485386	770
54.5960943712853	771
34465.4021406457	772
86402.8100036157	773
-41417.30001684	774
-1885.06478533254	775
43117.2239609465	776
-79504.0336042439	777
48793.5792123103	778
-2745.13854897651	779
-32375.3417568692	780
-30288.5756982677	781
-34392.5337257592	782
10705.2143282355	783
26182.1508835624	784
-43530.9863359624	785
46630.9406421191	786
48851.5681647406	787
52928.9928998149	788
27638.5072731742	789
-10399.1169127448	790
-13259.9785434111	791
-45895.8052026707	792
8544.91308076016	793
21251.3384449997	794
30124.8183969583	795
8735.20986278972	796
-36330.2478817543	797
48793.5792123103	798
-13580.3910980856	799
-60765.9361876402	800
-11869.5781277376	801
29808.6417744035	802
6743.90690945688	803
16393.3438423548	804
-26526.9182668403	805
-2331.48002957337	806
-13626.2173996526	807
2500.56200661988	808
77999.2457128953	809
4431.8968881254	810
24862.1728035281	811
-17762.4460932288	812
23040.9762564412	813
41417.30001684	814
6362.82408673863	815
-43117.2239609465	816
-10014.0087197907	817
-67772.3543172925	818
6241.6583479626	819
31805.5361851259	820
16213.8589311449	821
11869.5781277376	822
-8820.79918854736	823
-34595.4329056567	824
33367.6611906924	825
-9788.06014961423	826
2311.41506947041	827
19611.0281432367	828
-30793.1027321459	829
13259.9785434111	830
-21171.2297230483	831
-16393.3438423548	832
-44702.930021919	833
15898.1844838382	834
-34595.4329056567	835
2481.41288088646	836
7229.67417892971	837
-47081.1708082542	838
25797.4195036232	839
41132.9473750583	840
6473.19924592553	841
-42057.6053209209	842
-51351.9782457544	843
-42559.184947337	844
15898.1844838382	845
21816.9846641566	846
-59402.5907583736	847
8524.58081042842	848
33110.9600286951	849
-39233.0225856627	850
-18200.9187498606	851
4431.8968881254	852
-30249.5272305127	853
-29309.1219228181	854
29693.4222195419	855
49160.5355756661	856
-33478.6926882281	857
-37580.6308012936	858
-6165.06000881304	859
-73820.0793198076	860
19288.5448684017	861
-36271.045744451	862
-39443.9020687036	863
9534.47999850305	864
-32204.3613521776	865
-38286.2462939829	866
26182.1508835624	867
-64244.5696157907	868
-58563.1161440187	869
5781.29058960039	870
22510.3597102249	871
-40743.6435713017	872
-38848.7875263669	873
-15898.1844838382	874
-7840.12267417519	875
-49705.3997616919	876
40264.5603059796	877
-53848.9999167069	878
-2711.46018767438	879
-13551.8668729542	880
-67130.5474177295	881
-41372.5420991901	882
-28619.5473713343	883
-6473.19924592553	884
84058.54496808	885
-22096.6354359298	886
59402.5907583736	887
-8735.20986278972	888
62063.0476417147	889
-38590.6684187157	890
-28717.926186081	891
-56080.0325890289	892
21803.5148758281	893
-26558.0141390478	894
-37813.0293287849	895
2096.67570884409	896
-40743.6435713017	897
3431.12596817227	898
-34595.4329056567	899
-52370.8483717056	900
21251.3384449997	901
-48496.5844785952	902
47081.1708082542	903
-54589.494754368	904
-44087.0504382302	905
-48496.5844785952	906
-67130.5474177295	907
-49665.5240244779	908
-5600.84440551384	909
-26755.4175364684	910
26558.0141390478	911
-81556.5405429761	912
-8821.46795319737	913
28163.7950375766	914
-43631.0523701211	915
-63621.2408629963	916
46004.0559580125	917
-12341.3790784384	918
-13465.1694485024	919
-2925.80595912144	920
-64704.9955598375	921
-7500.2521095213	922
-33229.0166952448	923
-24566.4690789798	924
-22510.3597102249	925
68216.0615435529	926
42605.3107753841	927
48851.5681647406	928
-41417.30001684	929
-5745.91693687387	930
-23681.5809719607	931
46521.2754519314	932
21715.6160361869	933
38286.2462939829	934
21826.2341735729	935
-2711.46018767438	936
71544.6360409632	937
49160.5355756661	938
36330.2478817543	939
-34247.9764082191	940
8780.89648422197	941
26047.6648129946	942
-23681.5809719607	943
-44087.0504382302	944
66069.1587326736	945
46744.1427891349	946
-47114.8845624979	947
-14043.5837346921	948
-8989.60274387139	949
21803.5148758281	950
-24863.5652156025	951
10188.1675443063	952
-20989.5060956854	953
3431.8438010118	954
29346.4956949201	955
54.5960943712853	956
-4536.30129696068	957
70843.9788963133	958
-53939.0830272987	959
3431.8438010118	960
46630.9406421191	961
-29466.0296610013	962
-2589.91802034434	963
21413.9473602305	964
-10095.4480775478	965
6743.90690945688	966
-32375.3417568692	967
-69011.2981974002	968
-62022.9973945185	969
-23742.52179219	970
-56534.0972837603	971
-29466.0296610013	972
-71544.6360409632	973
42057.6053209209	974
54589.494754368	975
42566.8576112109	976
-19363.0463949422	977
-4091.09411325754	978
-41128.5459827951	979
36560.0703686689	980
1318.52477577946	981
9084.54876550345	982
-60765.9361876402	983
39480.1324673727	984
53939.0830272987	985
-48292.0359497582	986
8556.86448935443	987
-34392.5337257592	988
-20989.5060956854	989
16213.8589311449	990
-51486.0961795928	991
41132.9473750583	992
-23793.538900107	993
10499.037708564	994
-17762.4460932288	995
35054.6643625385	996
-37421.9898361189	997
-9683.68253127742	998
34465.4021406457	999
56491.8857611782	1000
